1.30930734e-01 1 0 562958543486976 2.12500000e+00 2.50000000e+00 2.50000000e+00
1.30930734e-01 1 0 562958543486977 2.37500000e+00 2.50000000e+00 2.50000000e+00
1.30930734e-01 1 0 562958543486978 2.62500000e+00 2.50000000e+00 2.50000000e+00
1.30930734e-01 1 0 562958543486979 2.87500000e+00 2.50000000e+00 2.50000000e+00
2.61861468e-01 1 0 562958543486976 2.12500000e+00 2.50000000e+00 2.50000000e+00
2.61861468e-01 1 0 562958543486977 2.37500000e+00 2.50000000e+00 2.50000000e+00
2.61861468e-01 1 0 562958543486978 2.62500000e+00 2.50000000e+00 2.50000000e+00
2.61861468e-01 1 0 562958543486979 2.87500000e+00 2.50000000e+00 2.50000000e+00
3.92792202e-01 1 0 562958543486976 2.12500000e+00 2.50000000e+00 2.50000000e+00
3.92792202e-01 1 0 562958543486977 2.37500000e+00 2.50000000e+00 2.50000000e+00
3.92792202e-01 1 0 562958543486978 2.62500000e+00 2.50000000e+00 2.50000000e+00
3.92792202e-01 1 0 562958543486979 2.87500000e+00 2.50000000e+00 2.50000000e+00
5.23722937e-01 1 0 562958543486976 2.12500000e+00 2.50000000e+00 2.50000000e+00
5.23722937e-01 1 0 562958543486977 2.37500000e+00 2.50000000e+00 2.50000000e+00
5.23722937e-01 1 0 562958543486978 2.62500000e+00 2.50000000e+00 2.50000000e+00
5.23722937e-01 1 0 562958543486979 2.87500000e+00 2.50000000e+00 2.50000000e+00
6.54653671e-01 1 0 562958543486976 2.12500000e+00 2.50000000e+00 2.50000000e+00
6.54653671e-01 1 0 562958543486977 2.37500000e+00 2.50000000e+00 2.50000000e+00
6.54653671e-01 1 0 562958543486978 2.62500000e+00 2.50000000e+00 2.50000000e+00
6.54653671e-01 1 0 562958543486979 2.87500000e+00 2.50000000e+00 2.50000000e+00
7.85584405e-01 1 0 562958543486976 2.12500000e+00 2.50000000e+00 2.50000000e+00
7.85584405e-01 1 0 562958543486977 2.37500000e+00 2.50000000e+00 2.50000000e+00
7.85584405e-01 1 0 562958543486978 2.62500000e+00 2.50000000e+00 2.50000000e+00
7.85584405e-01 1 0 562958543486979 2.87500000e+00 2.50000000e+00 2.50000000e+00
9.16515139e-01 1 0 562958543486976 2.12500000e+00 2.50000000e+00 2.50000000e+00
9.16515139e-01 1 0 562958543486977 2.37500000e+00 2.50000000e+00 2.50000000e+00
9.16515139e-01 1 0 562958543486978 2.62500000e+00 2.50000000e+00 2.50000000e+00
9.16515139e-01 1 0 562958543486979 2.87500000e+00 2.50000000e+00 2.50000000e+00
1.04744587e+00 1 0 562958543486976 2.12500000e+00 2.50000000e+00 2.50000000e+00
1.04744587e+00 1 0 562958543486977 2.37500000e+00 2.50000000e+00 2.50000000e+00
1.04744587e+00 1 0 562958543486978 2.62500000e+00 2.50000000e+00 2.50000000e+00
1.04744587e+00 1 0 562958543486979 2.87500000e+00 2.50000000e+00 2.50000000e+00
1.17837661e+00 1 0 562958543486976 2.39062500e+00 2.50000000e+00 2.50000000e+00
1.17837661e+00 1 0 562958543486977 2.67187500e+00 2.50000000e+00 2.50000000e+00
1.17837661e+00 1 0 562958543486978 2.95312500e+00 2.50000000e+00 2.50000000e+00
1.17837661e+00 1 0 562958543486979 3.23437500e+00 2.50000000e+00 2.50000000e+00
1.30139289e+00 1 0 562958543486976 2.64019359e+00 2.50000000e+00 2.50000000e+00
1.30139289e+00 1 0 562958543486977 2.95080460e+00 2.50000000e+00 2.50000000e+00
1.30139289e+00 1 0 562958543486978 3.26141562e+00 2.50000000e+00 2.50000000e+00
1.30139289e+00 1 0 562958543486979 3.57202663e+00 2.50000000e+00 2.50000000e+00
1.41816299e+00 1 0 562958543486976 2.87709028e+00 2.50000000e+00 2.50000000e+00
1.41816299e+00 1 0 562958543486977 3.21557149e+00 2.50000000e+00 2.50000000e+00
1.41816299e+00 1 0 562958543486978 3.55405270e+00 2.50000000e+00 2.50000000e+00
1.41816299e+00 1 0 562958543486979 3.89253391e+00 2.50000000e+00 2.50000000e+00
1.52981643e+00 1 0 562958543486976 3.10360659e+00 2.50000000e+00 2.50000000e+00
1.52981643e+00 1 0 562958543486977 3.46873678e+00 2.50000000e+00 2.50000000e+00
1.52981643e+00 1 0 562958543486978 3.83386696e+00 2.50000000e+00 2.50000000e+00
1.52981643e+00 1 0 562958543486979 4.19899715e+00 2.50000000e+00 2.50000000e+00
1.63716408e+00 1 0 562958543486976 3.32138754e+00 2.50000000e+00 2.50000000e+00
1.63716408e+00 1 0 562958543486977 3.71213902e+00 2.50000000e+00 2.50000000e+00
1.63716408e+00 1 0 562958543486978 4.10289049e+00 2.50000000e+00 2.50000000e+00
1.63716408e+00 1 0 562958543486979 4.49364197e+00 2.50000000e+00 2.50000000e+00
1.74081356e+00 1 0 562958543486976 3.53166585e+00 2.50000000e+00 2.50000000e+00
1.74081356e+00 1 0 562958543486977 3.94715595e+00 2.50000000e+00 2.50000000e+00
1.74081356e+00 1 0 562958543486978 4.36264605e+00 2.50000000e+00 2.50000000e+00
1.74081356e+00 1 0 562958543486979 4.77813615e+00 2.50000000e+00 2.50000000e+00
1.84123541e+00 1 0 562958543486976 3.73539612e+00 2.50000000e+00 2.50000000e+00
1.84123541e+00 1 0 562958543486977 4.17485449e+00 2.50000000e+00 2.50000000e+00
1.84123541e+00 1 0 562958543486978 4.61431285e+00 2.50000000e+00 2.50000000e+00
1.84123541e+00 1 0 562958543486979 5.05377122e+00 2.50000000e+00 2.50000000e+00
1.93880362e+00 1 0 562958543486976 3.93333709e+00 2.50000000e+00 2.50000000e+00
1.93880362e+00 1 0 562958543486977 4.39608263e+00 2.50000000e+00 2.50000000e+00
1.93880362e+00 1 0 562958543486978 4.85882817e+00 2.50000000e+00 2.50000000e+00
1.93880362e+00 1 0 562958543486979 5.32157371e+00 2.50000000e+00 2.50000000e+00
2.03382182e+00 1 0 562958543486976 4.12610472e+00 2.50000000e+00 2.50000000e+00
2.03382182e+00 1 0 562958543486977 4.61152880e+00 2.50000000e+00 2.50000000e+00
2.03382182e+00 1 0 562958543486978 5.09695289e+00 2.50000000e+00 2.50000000e+00
2.03382182e+00 1 0 562958543486979 5.58237697e+00 2.50000000e+00 2.50000000e+00
2.12654082e+00 1 0 562958543486976 3.93153012e+00 2.50000000e+00 2.50000000e+00
2.12654082e+00 1 0 562958543486977 4.39406308e+00 2.50000000e+00 2.50000000e+00
2.12654082e+00 1 0 562958543486978 4.85659603e+00 2.50000000e+00 2.50000000e+00
2.12654082e+00 1 0 562958543486979 5.31912899e+00 2.50000000e+00 2.50000000e+00
2.22147112e+00 1 0 562958543486976 3.73231504e+00 2.50000000e+00 2.50000000e+00
2.22147112e+00 1 0 562958543486977 4.17141092e+00 2.50000000e+00 2.50000000e+00
2.22147112e+00 1 0 562958543486978 4.61050681e+00 2.50000000e+00 2.50000000e+00
2.22147112e+00 1 0 562958543486979 5.04960270e+00 2.50000000e+00 2.50000000e+00
2.31883616e+00 1 0 562958543486976 3.52799055e+00 2.50000000e+00 2.50000000e+00
2.31883616e+00 1 0 562958543486977 3.94304826e+00 2.50000000e+00 2.50000000e+00
2.31883616e+00 1 0 562958543486978 4.35810597e+00 2.50000000e+00 2.50000000e+00
2.31883616e+00 1 0 562958543486979 4.77316368e+00 2.50000000e+00 2.50000000e+00
2.41890170e+00 1 0 562958543486976 3.31799896e+00 2.50000000e+00 2.50000000e+00
2.41890170e+00 1 0 562958543486977 3.70835178e+00 2.50000000e+00 2.50000000e+00
2.41890170e+00 1 0 562958543486978 4.09870460e+00 2.50000000e+00 2.50000000e+00
2.41890170e+00 1 0 562958543486979 4.48905742e+00 2.50000000e+00 2.50000000e+00
2.52198812e+00 1 0 562958543486976 3.10166791e+00 2.50000000e+00 2.50000000e+00
2.52198812e+00 1 0 562958543486977 3.46657001e+00 2.50000000e+00 2.50000000e+00
2.52198812e+00 1 0 562958543486978 3.83147212e+00 2.50000000e+00 2.50000000e+00
2.52198812e+00 1 0 562958543486979 4.19637423e+00 2.50000000e+00 2.50000000e+00
2.62848793e+00 1 0 562958543486976 2.87817375e+00 2.50000000e+00 2.50000000e+00
2.62848793e+00 1 0 562958543486977 3.21678243e+00 2.50000000e+00 2.50000000e+00
2.62848793e+00 1 0 562958543486978 3.55539111e+00 2.50000000e+00 2.50000000e+00
2.62848793e+00 1 0 562958543486979 3.89399978e+00 2.50000000e+00 2.50000000e+00
2.73889103e+00 1 0 562958543486976 2.64648836e+00 2.50000000e+00 2.50000000e+00
2.73889103e+00 1 0 562958543486977 2.95783993e+00 2.50000000e+00 2.50000000e+00
2.73889103e+00 1 0 562958543486978 3.26919150e+00 2.50000000e+00 2.50000000e+00
2.73889103e+00 1 0 562958543486979 3.58054307e+00 2.50000000e+00 2.50000000e+00
2.85382304e+00 1 0 562958543486976 2.40529886e+00 2.50000000e+00 2.50000000e+00
2.85382304e+00 1 0 562958543486977 2.68827520e+00 2.50000000e+00 2.50000000e+00
2.85382304e+00 1 0 562958543486978 2.97125153e+00 2.50000000e+00 2.50000000e+00
2.85382304e+00 1 0 562958543486979 3.25422787e+00 2.50000000e+00 2.50000000e+00
2.97410529e+00 1 0 562958543486976 2.15288168e+00 2.50000000e+00 2.50000000e+00
2.97410529e+00 1 0 562958543486977 2.40616188e+00 2.50000000e+00 2.50000000e+00
2.97410529e+00 1 0 562958543486978 2.65944207e+00 2.50000000e+00 2.50000000e+00
2.97410529e+00 1 0 562958543486979 2.91272227e+00 2.50000000e+00 2.50000000e+00
3.10085419e+00 1 0 562958543486976 1.88689398e+00 2.50000000e+00 2.50000000e+00
3.10085419e+00 1 0 562958543486977 2.10888151e+00 2.50000000e+00 2.50000000e+00
3.10085419e+00 1 0 562958543486978 2.33086904e+00 2.50000000e+00 2.50000000e+00
3.10085419e+00 1 0 562958543486979 2.55285656e+00 2.50000000e+00 2.50000000e+00
3.23565663e+00 1 0 562958543486976 1.88689398e+00 2.50000000e+00 2.50000000e+00
3.23565663e+00 1 0 562958543486977 2.10888151e+00 2.50000000e+00 2.50000000e+00
3.23565663e+00 1 0 562958543486978 2.33086904e+00 2.50000000e+00 2.50000000e+00
3.23565663e+00 1 0 562958543486979 2.55285656e+00 2.50000000e+00 2.50000000e+00
3.37045906e+00 1 0 562958543486976 1.88689398e+00 2.50000000e+00 2.50000000e+00
3.37045906e+00 1 0 562958543486977 2.10888151e+00 2.50000000e+00 2.50000000e+00
3.37045906e+00 1 0 562958543486978 2.33086904e+00 2.50000000e+00 2.50000000e+00
3.37045906e+00 1 0 562958543486979 2.55285656e+00 2.50000000e+00 2.50000000e+00
3.50526150e+00 1 0 562958543486976 1.88689398e+00 2.50000000e+00 2.50000000e+00
3.50526150e+00 1 0 562958543486977 2.10888151e+00 2.50000000e+00 2.50000000e+00
3.50526150e+00 1 0 562958543486978 2.33086904e+00 2.50000000e+00 2.50000000e+00
3.50526150e+00 1 0 562958543486979 2.55285656e+00 2.50000000e+00 2.50000000e+00
