1.30930734e-01 1 0 562958543486976 1.00000000e+00 0.00000000e+00 0.00000000e+00 0.00000000e+00 1.00000000e+00 0.00000000e+00 0.00000000e+00 0.00000000e+00 1.00000000e+00
1.30930734e-01 1 0 562958543486977 1.00000000e+00 0.00000000e+00 0.00000000e+00 0.00000000e+00 1.00000000e+00 0.00000000e+00 0.00000000e+00 0.00000000e+00 1.00000000e+00
1.30930734e-01 1 0 562958543486978 1.00000000e+00 0.00000000e+00 0.00000000e+00 0.00000000e+00 1.00000000e+00 0.00000000e+00 0.00000000e+00 0.00000000e+00 1.00000000e+00
1.30930734e-01 1 0 562958543486979 1.00000000e+00 0.00000000e+00 0.00000000e+00 0.00000000e+00 1.00000000e+00 0.00000000e+00 0.00000000e+00 0.00000000e+00 1.00000000e+00
2.61861468e-01 1 0 562958543486976 1.00000000e+00 0.00000000e+00 0.00000000e+00 0.00000000e+00 1.00000000e+00 0.00000000e+00 0.00000000e+00 0.00000000e+00 1.00000000e+00
2.61861468e-01 1 0 562958543486977 1.00000000e+00 0.00000000e+00 0.00000000e+00 0.00000000e+00 1.00000000e+00 0.00000000e+00 0.00000000e+00 0.00000000e+00 1.00000000e+00
2.61861468e-01 1 0 562958543486978 1.00000000e+00 0.00000000e+00 0.00000000e+00 0.00000000e+00 1.00000000e+00 0.00000000e+00 0.00000000e+00 0.00000000e+00 1.00000000e+00
2.61861468e-01 1 0 562958543486979 1.00000000e+00 0.00000000e+00 0.00000000e+00 0.00000000e+00 1.00000000e+00 0.00000000e+00 0.00000000e+00 0.00000000e+00 1.00000000e+00
3.92792202e-01 1 0 562958543486976 1.00000000e+00 0.00000000e+00 0.00000000e+00 0.00000000e+00 1.00000000e+00 0.00000000e+00 0.00000000e+00 0.00000000e+00 1.00000000e+00
3.92792202e-01 1 0 562958543486977 1.00000000e+00 0.00000000e+00 0.00000000e+00 0.00000000e+00 1.00000000e+00 0.00000000e+00 0.00000000e+00 0.00000000e+00 1.00000000e+00
3.92792202e-01 1 0 562958543486978 1.00000000e+00 0.00000000e+00 0.00000000e+00 0.00000000e+00 1.00000000e+00 0.00000000e+00 0.00000000e+00 0.00000000e+00 1.00000000e+00
3.92792202e-01 1 0 562958543486979 1.00000000e+00 0.00000000e+00 0.00000000e+00 0.00000000e+00 1.00000000e+00 0.00000000e+00 0.00000000e+00 0.00000000e+00 1.00000000e+00
5.23722937e-01 1 0 562958543486976 1.00000000e+00 0.00000000e+00 0.00000000e+00 0.00000000e+00 1.00000000e+00 0.00000000e+00 0.00000000e+00 0.00000000e+00 1.00000000e+00
5.23722937e-01 1 0 562958543486977 1.00000000e+00 0.00000000e+00 0.00000000e+00 0.00000000e+00 1.00000000e+00 0.00000000e+00 0.00000000e+00 0.00000000e+00 1.00000000e+00
5.23722937e-01 1 0 562958543486978 1.00000000e+00 0.00000000e+00 0.00000000e+00 0.00000000e+00 1.00000000e+00 0.00000000e+00 0.00000000e+00 0.00000000e+00 1.00000000e+00
5.23722937e-01 1 0 562958543486979 1.00000000e+00 0.00000000e+00 0.00000000e+00 0.00000000e+00 1.00000000e+00 0.00000000e+00 0.00000000e+00 0.00000000e+00 1.00000000e+00
6.54653671e-01 1 0 562958543486976 1.00000000e+00 0.00000000e+00 0.00000000e+00 0.00000000e+00 1.00000000e+00 0.00000000e+00 0.00000000e+00 0.00000000e+00 1.00000000e+00
6.54653671e-01 1 0 562958543486977 1.00000000e+00 0.00000000e+00 0.00000000e+00 0.00000000e+00 1.00000000e+00 0.00000000e+00 0.00000000e+00 0.00000000e+00 1.00000000e+00
6.54653671e-01 1 0 562958543486978 1.00000000e+00 0.00000000e+00 0.00000000e+00 0.00000000e+00 1.00000000e+00 0.00000000e+00 0.00000000e+00 0.00000000e+00 1.00000000e+00
6.54653671e-01 1 0 562958543486979 1.00000000e+00 0.00000000e+00 0.00000000e+00 0.00000000e+00 1.00000000e+00 0.00000000e+00 0.00000000e+00 0.00000000e+00 1.00000000e+00
7.85584405e-01 1 0 562958543486976 1.00000000e+00 0.00000000e+00 0.00000000e+00 0.00000000e+00 1.00000000e+00 0.00000000e+00 0.00000000e+00 0.00000000e+00 1.00000000e+00
7.85584405e-01 1 0 562958543486977 1.00000000e+00 0.00000000e+00 0.00000000e+00 0.00000000e+00 1.00000000e+00 0.00000000e+00 0.00000000e+00 0.00000000e+00 1.00000000e+00
7.85584405e-01 1 0 562958543486978 1.00000000e+00 0.00000000e+00 0.00000000e+00 0.00000000e+00 1.00000000e+00 0.00000000e+00 0.00000000e+00 0.00000000e+00 1.00000000e+00
7.85584405e-01 1 0 562958543486979 1.00000000e+00 0.00000000e+00 0.00000000e+00 0.00000000e+00 1.00000000e+00 0.00000000e+00 0.00000000e+00 0.00000000e+00 1.00000000e+00
9.16515139e-01 1 0 562958543486976 1.00000000e+00 0.00000000e+00 0.00000000e+00 0.00000000e+00 1.00000000e+00 0.00000000e+00 0.00000000e+00 0.00000000e+00 1.00000000e+00
9.16515139e-01 1 0 562958543486977 1.00000000e+00 0.00000000e+00 0.00000000e+00 0.00000000e+00 1.00000000e+00 0.00000000e+00 0.00000000e+00 0.00000000e+00 1.00000000e+00
9.16515139e-01 1 0 562958543486978 1.00000000e+00 0.00000000e+00 0.00000000e+00 0.00000000e+00 1.00000000e+00 0.00000000e+00 0.00000000e+00 0.00000000e+00 1.00000000e+00
9.16515139e-01 1 0 562958543486979 1.00000000e+00 0.00000000e+00 0.00000000e+00 0.00000000e+00 1.00000000e+00 0.00000000e+00 0.00000000e+00 0.00000000e+00 1.00000000e+00
1.04744587e+00 1 0 562958543486976 1.00000000e+00 0.00000000e+00 0.00000000e+00 0.00000000e+00 1.00000000e+00 0.00000000e+00 0.00000000e+00 0.00000000e+00 1.00000000e+00
1.04744587e+00 1 0 562958543486977 1.00000000e+00 0.00000000e+00 0.00000000e+00 0.00000000e+00 1.00000000e+00 0.00000000e+00 0.00000000e+00 0.00000000e+00 1.00000000e+00
1.04744587e+00 1 0 562958543486978 1.00000000e+00 0.00000000e+00 0.00000000e+00 0.00000000e+00 1.00000000e+00 0.00000000e+00 0.00000000e+00 0.00000000e+00 1.00000000e+00
1.04744587e+00 1 0 562958543486979 1.00000000e+00 0.00000000e+00 0.00000000e+00 0.00000000e+00 1.00000000e+00 0.00000000e+00 0.00000000e+00 0.00000000e+00 1.00000000e+00
1.17837661e+00 1 0 562958543486976 1.13281250e+00 0.00000000e+00 0.00000000e+00 0.00000000e+00 1.00000000e+00 0.00000000e+00 0.00000000e+00 0.00000000e+00 1.00000000e+00
1.17837661e+00 1 0 562958543486977 1.13281250e+00 0.00000000e+00 0.00000000e+00 0.00000000e+00 1.00000000e+00 0.00000000e+00 0.00000000e+00 0.00000000e+00 1.00000000e+00
1.17837661e+00 1 0 562958543486978 1.13281250e+00 0.00000000e+00 0.00000000e+00 0.00000000e+00 1.00000000e+00 0.00000000e+00 0.00000000e+00 0.00000000e+00 1.00000000e+00
1.17837661e+00 1 0 562958543486979 1.13281250e+00 0.00000000e+00 0.00000000e+00 0.00000000e+00 1.00000000e+00 0.00000000e+00 0.00000000e+00 0.00000000e+00 1.00000000e+00
1.30139289e+00 1 0 562958543486976 1.25724497e+00 0.00000000e+00 0.00000000e+00 0.00000000e+00 1.00000000e+00 0.00000000e+00 0.00000000e+00 0.00000000e+00 1.00000000e+00
1.30139289e+00 1 0 562958543486977 1.25724497e+00 0.00000000e+00 0.00000000e+00 0.00000000e+00 1.00000000e+00 0.00000000e+00 0.00000000e+00 0.00000000e+00 1.00000000e+00
1.30139289e+00 1 0 562958543486978 1.25724497e+00 0.00000000e+00 0.00000000e+00 0.00000000e+00 1.00000000e+00 0.00000000e+00 0.00000000e+00 0.00000000e+00 1.00000000e+00
1.30139289e+00 1 0 562958543486979 1.25724497e+00 0.00000000e+00 0.00000000e+00 0.00000000e+00 1.00000000e+00 0.00000000e+00 0.00000000e+00 0.00000000e+00 1.00000000e+00
1.41816299e+00 1 0 562958543486976 1.37511481e+00 0.00000000e+00 0.00000000e+00 0.00000000e+00 1.00000000e+00 0.00000000e+00 0.00000000e+00 0.00000000e+00 1.00000000e+00
1.41816299e+00 1 0 562958543486977 1.37511481e+00 0.00000000e+00 0.00000000e+00 0.00000000e+00 1.00000000e+00 0.00000000e+00 0.00000000e+00 0.00000000e+00 1.00000000e+00
1.41816299e+00 1 0 562958543486978 1.37511481e+00 0.00000000e+00 0.00000000e+00 0.00000000e+00 1.00000000e+00 0.00000000e+00 0.00000000e+00 0.00000000e+00 1.00000000e+00
1.41816299e+00 1 0 562958543486979 1.37511481e+00 0.00000000e+00 0.00000000e+00 0.00000000e+00 1.00000000e+00 0.00000000e+00 0.00000000e+00 0.00000000e+00 1.00000000e+00
1.52981643e+00 1 0 562958543486976 1.48764090e+00 0.00000000e+00 0.00000000e+00 0.00000000e+00 1.00000000e+00 0.00000000e+00 0.00000000e+00 0.00000000e+00 1.00000000e+00
1.52981643e+00 1 0 562958543486977 1.48764090e+00 0.00000000e+00 0.00000000e+00 0.00000000e+00 1.00000000e+00 0.00000000e+00 0.00000000e+00 0.00000000e+00 1.00000000e+00
1.52981643e+00 1 0 562958543486978 1.48764090e+00 0.00000000e+00 0.00000000e+00 0.00000000e+00 1.00000000e+00 0.00000000e+00 0.00000000e+00 0.00000000e+00 1.00000000e+00
1.52981643e+00 1 0 562958543486979 1.48764090e+00 0.00000000e+00 0.00000000e+00 0.00000000e+00 1.00000000e+00 0.00000000e+00 0.00000000e+00 0.00000000e+00 1.00000000e+00
1.63716408e+00 1 0 562958543486976 1.59569156e+00 0.00000000e+00 0.00000000e+00 0.00000000e+00 1.00000000e+00 0.00000000e+00 0.00000000e+00 0.00000000e+00 1.00000000e+00
1.63716408e+00 1 0 562958543486977 1.59569156e+00 0.00000000e+00 0.00000000e+00 0.00000000e+00 1.00000000e+00 0.00000000e+00 0.00000000e+00 0.00000000e+00 1.00000000e+00
1.63716408e+00 1 0 562958543486978 1.59569156e+00 0.00000000e+00 0.00000000e+00 0.00000000e+00 1.00000000e+00 0.00000000e+00 0.00000000e+00 0.00000000e+00 1.00000000e+00
1.63716408e+00 1 0 562958543486979 1.59569156e+00 0.00000000e+00 0.00000000e+00 0.00000000e+00 1.00000000e+00 0.00000000e+00 0.00000000e+00 0.00000000e+00 1.00000000e+00
1.74081356e+00 1 0 562958543486976 1.69991332e+00 0.00000000e+00 0.00000000e+00 0.00000000e+00 1.00000000e+00 0.00000000e+00 0.00000000e+00 0.00000000e+00 1.00000000e+00
1.74081356e+00 1 0 562958543486977 1.69991332e+00 0.00000000e+00 0.00000000e+00 0.00000000e+00 1.00000000e+00 0.00000000e+00 0.00000000e+00 0.00000000e+00 1.00000000e+00
1.74081356e+00 1 0 562958543486978 1.69991332e+00 0.00000000e+00 0.00000000e+00 0.00000000e+00 1.00000000e+00 0.00000000e+00 0.00000000e+00 0.00000000e+00 1.00000000e+00
1.74081356e+00 1 0 562958543486979 1.69991332e+00 0.00000000e+00 0.00000000e+00 0.00000000e+00 1.00000000e+00 0.00000000e+00 0.00000000e+00 0.00000000e+00 1.00000000e+00
1.84123541e+00 1 0 562958543486976 1.80080422e+00 0.00000000e+00 0.00000000e+00 0.00000000e+00 1.00000000e+00 0.00000000e+00 0.00000000e+00 0.00000000e+00 1.00000000e+00
1.84123541e+00 1 0 562958543486977 1.80080422e+00 0.00000000e+00 0.00000000e+00 0.00000000e+00 1.00000000e+00 0.00000000e+00 0.00000000e+00 0.00000000e+00 1.00000000e+00
1.84123541e+00 1 0 562958543486978 1.80080422e+00 0.00000000e+00 0.00000000e+00 0.00000000e+00 1.00000000e+00 0.00000000e+00 0.00000000e+00 0.00000000e+00 1.00000000e+00
1.84123541e+00 1 0 562958543486979 1.80080422e+00 0.00000000e+00 0.00000000e+00 0.00000000e+00 1.00000000e+00 0.00000000e+00 0.00000000e+00 0.00000000e+00 1.00000000e+00
1.93880362e+00 1 0 562958543486976 1.89875830e+00 0.00000000e+00 0.00000000e+00 0.00000000e+00 1.00000000e+00 0.00000000e+00 0.00000000e+00 0.00000000e+00 1.00000000e+00
1.93880362e+00 1 0 562958543486977 1.89875830e+00 0.00000000e+00 0.00000000e+00 0.00000000e+00 1.00000000e+00 0.00000000e+00 0.00000000e+00 0.00000000e+00 1.00000000e+00
1.93880362e+00 1 0 562958543486978 1.89875830e+00 0.00000000e+00 0.00000000e+00 0.00000000e+00 1.00000000e+00 0.00000000e+00 0.00000000e+00 0.00000000e+00 1.00000000e+00
1.93880362e+00 1 0 562958543486979 1.89875830e+00 0.00000000e+00 0.00000000e+00 0.00000000e+00 1.00000000e+00 0.00000000e+00 0.00000000e+00 0.00000000e+00 1.00000000e+00
2.03382182e+00 1 0 562958543486976 1.99409419e+00 0.00000000e+00 0.00000000e+00 0.00000000e+00 1.00000000e+00 0.00000000e+00 0.00000000e+00 0.00000000e+00 1.00000000e+00
2.03382182e+00 1 0 562958543486977 1.99409419e+00 0.00000000e+00 0.00000000e+00 0.00000000e+00 1.00000000e+00 0.00000000e+00 0.00000000e+00 0.00000000e+00 1.00000000e+00
2.03382182e+00 1 0 562958543486978 1.99409419e+00 0.00000000e+00 0.00000000e+00 0.00000000e+00 1.00000000e+00 0.00000000e+00 0.00000000e+00 0.00000000e+00 1.00000000e+00
2.03382182e+00 1 0 562958543486979 1.99409419e+00 0.00000000e+00 0.00000000e+00 0.00000000e+00 1.00000000e+00 0.00000000e+00 0.00000000e+00 0.00000000e+00 1.00000000e+00
2.12654082e+00 1 0 562958543486976 1.90227596e+00 0.00000000e+00 0.00000000e+00 0.00000000e+00 1.00000000e+00 0.00000000e+00 0.00000000e+00 0.00000000e+00 1.00000000e+00
2.12654082e+00 1 0 562958543486977 1.90227596e+00 0.00000000e+00 0.00000000e+00 0.00000000e+00 1.00000000e+00 0.00000000e+00 0.00000000e+00 0.00000000e+00 1.00000000e+00
2.12654082e+00 1 0 562958543486978 1.90227596e+00 0.00000000e+00 0.00000000e+00 0.00000000e+00 1.00000000e+00 0.00000000e+00 0.00000000e+00 0.00000000e+00 1.00000000e+00
2.12654082e+00 1 0 562958543486979 1.90227596e+00 0.00000000e+00 0.00000000e+00 0.00000000e+00 1.00000000e+00 0.00000000e+00 0.00000000e+00 0.00000000e+00 1.00000000e+00
2.22147112e+00 1 0 562958543486976 1.80832759e+00 0.00000000e+00 0.00000000e+00 0.00000000e+00 1.00000000e+00 0.00000000e+00 0.00000000e+00 0.00000000e+00 1.00000000e+00
2.22147112e+00 1 0 562958543486977 1.80832759e+00 0.00000000e+00 0.00000000e+00 0.00000000e+00 1.00000000e+00 0.00000000e+00 0.00000000e+00 0.00000000e+00 1.00000000e+00
2.22147112e+00 1 0 562958543486978 1.80832759e+00 0.00000000e+00 0.00000000e+00 0.00000000e+00 1.00000000e+00 0.00000000e+00 0.00000000e+00 0.00000000e+00 1.00000000e+00
2.22147112e+00 1 0 562958543486979 1.80832759e+00 0.00000000e+00 0.00000000e+00 0.00000000e+00 1.00000000e+00 0.00000000e+00 0.00000000e+00 0.00000000e+00 1.00000000e+00
2.31883616e+00 1 0 562958543486976 1.71204099e+00 0.00000000e+00 0.00000000e+00 0.00000000e+00 1.00000000e+00 0.00000000e+00 0.00000000e+00 0.00000000e+00 1.00000000e+00
2.31883616e+00 1 0 562958543486977 1.71204099e+00 0.00000000e+00 0.00000000e+00 0.00000000e+00 1.00000000e+00 0.00000000e+00 0.00000000e+00 0.00000000e+00 1.00000000e+00
2.31883616e+00 1 0 562958543486978 1.71204099e+00 0.00000000e+00 0.00000000e+00 0.00000000e+00 1.00000000e+00 0.00000000e+00 0.00000000e+00 0.00000000e+00 1.00000000e+00
2.31883616e+00 1 0 562958543486979 1.71204099e+00 0.00000000e+00 0.00000000e+00 0.00000000e+00 1.00000000e+00 0.00000000e+00 0.00000000e+00 0.00000000e+00 1.00000000e+00
2.41890170e+00 1 0 562958543486976 1.61317032e+00 0.00000000e+00 0.00000000e+00 0.00000000e+00 1.00000000e+00 0.00000000e+00 0.00000000e+00 0.00000000e+00 1.00000000e+00
2.41890170e+00 1 0 562958543486977 1.61317032e+00 0.00000000e+00 0.00000000e+00 0.00000000e+00 1.00000000e+00 0.00000000e+00 0.00000000e+00 0.00000000e+00 1.00000000e+00
2.41890170e+00 1 0 562958543486978 1.61317032e+00 0.00000000e+00 0.00000000e+00 0.00000000e+00 1.00000000e+00 0.00000000e+00 0.00000000e+00 0.00000000e+00 1.00000000e+00
2.41890170e+00 1 0 562958543486979 1.61317032e+00 0.00000000e+00 0.00000000e+00 0.00000000e+00 1.00000000e+00 0.00000000e+00 0.00000000e+00 0.00000000e+00 1.00000000e+00
2.52198812e+00 1 0 562958543486976 1.51142157e+00 0.00000000e+00 0.00000000e+00 0.00000000e+00 1.00000000e+00 0.00000000e+00 0.00000000e+00 0.00000000e+00 1.00000000e+00
2.52198812e+00 1 0 562958543486977 1.51142157e+00 0.00000000e+00 0.00000000e+00 0.00000000e+00 1.00000000e+00 0.00000000e+00 0.00000000e+00 0.00000000e+00 1.00000000e+00
2.52198812e+00 1 0 562958543486978 1.51142157e+00 0.00000000e+00 0.00000000e+00 0.00000000e+00 1.00000000e+00 0.00000000e+00 0.00000000e+00 0.00000000e+00 1.00000000e+00
2.52198812e+00 1 0 562958543486979 1.51142157e+00 0.00000000e+00 0.00000000e+00 0.00000000e+00 1.00000000e+00 0.00000000e+00 0.00000000e+00 0.00000000e+00 1.00000000e+00
2.62848793e+00 1 0 562958543486976 1.40643811e+00 0.00000000e+00 0.00000000e+00 0.00000000e+00 1.00000000e+00 0.00000000e+00 0.00000000e+00 0.00000000e+00 1.00000000e+00
2.62848793e+00 1 0 562958543486977 1.40643811e+00 0.00000000e+00 0.00000000e+00 0.00000000e+00 1.00000000e+00 0.00000000e+00 0.00000000e+00 0.00000000e+00 1.00000000e+00
2.62848793e+00 1 0 562958543486978 1.40643811e+00 0.00000000e+00 0.00000000e+00 0.00000000e+00 1.00000000e+00 0.00000000e+00 0.00000000e+00 0.00000000e+00 1.00000000e+00
2.62848793e+00 1 0 562958543486979 1.40643811e+00 0.00000000e+00 0.00000000e+00 0.00000000e+00 1.00000000e+00 0.00000000e+00 0.00000000e+00 0.00000000e+00 1.00000000e+00
2.73889103e+00 1 0 562958543486976 1.29778029e+00 0.00000000e+00 0.00000000e+00 0.00000000e+00 1.00000000e+00 0.00000000e+00 0.00000000e+00 0.00000000e+00 1.00000000e+00
2.73889103e+00 1 0 562958543486977 1.29778029e+00 0.00000000e+00 0.00000000e+00 0.00000000e+00 1.00000000e+00 0.00000000e+00 0.00000000e+00 0.00000000e+00 1.00000000e+00
2.73889103e+00 1 0 562958543486978 1.29778029e+00 0.00000000e+00 0.00000000e+00 0.00000000e+00 1.00000000e+00 0.00000000e+00 0.00000000e+00 0.00000000e+00 1.00000000e+00
2.73889103e+00 1 0 562958543486979 1.29778029e+00 0.00000000e+00 0.00000000e+00 0.00000000e+00 1.00000000e+00 0.00000000e+00 0.00000000e+00 0.00000000e+00 1.00000000e+00
2.85382304e+00 1 0 562958543486976 1.18489570e+00 0.00000000e+00 0.00000000e+00 0.00000000e+00 1.00000000e+00 0.00000000e+00 0.00000000e+00 0.00000000e+00 1.00000000e+00
2.85382304e+00 1 0 562958543486977 1.18489570e+00 0.00000000e+00 0.00000000e+00 0.00000000e+00 1.00000000e+00 0.00000000e+00 0.00000000e+00 0.00000000e+00 1.00000000e+00
2.85382304e+00 1 0 562958543486978 1.18489570e+00 0.00000000e+00 0.00000000e+00 0.00000000e+00 1.00000000e+00 0.00000000e+00 0.00000000e+00 0.00000000e+00 1.00000000e+00
2.85382304e+00 1 0 562958543486979 1.18489570e+00 0.00000000e+00 0.00000000e+00 0.00000000e+00 1.00000000e+00 0.00000000e+00 0.00000000e+00 0.00000000e+00 1.00000000e+00
2.97410529e+00 1 0 562958543486976 1.06707477e+00 0.00000000e+00 0.00000000e+00 0.00000000e+00 1.00000000e+00 0.00000000e+00 0.00000000e+00 0.00000000e+00 1.00000000e+00
2.97410529e+00 1 0 562958543486977 1.06707477e+00 0.00000000e+00 0.00000000e+00 0.00000000e+00 1.00000000e+00 0.00000000e+00 0.00000000e+00 0.00000000e+00 1.00000000e+00
2.97410529e+00 1 0 562958543486978 1.06707477e+00 0.00000000e+00 0.00000000e+00 0.00000000e+00 1.00000000e+00 0.00000000e+00 0.00000000e+00 0.00000000e+00 1.00000000e+00
2.97410529e+00 1 0 562958543486979 1.06707477e+00 0.00000000e+00 0.00000000e+00 0.00000000e+00 1.00000000e+00 0.00000000e+00 0.00000000e+00 0.00000000e+00 1.00000000e+00
3.10085419e+00 1 0 562958543486976 9.43382277e-01 0.00000000e+00 0.00000000e+00 0.00000000e+00 1.00000000e+00 0.00000000e+00 0.00000000e+00 0.00000000e+00 1.00000000e+00
3.10085419e+00 1 0 562958543486977 9.43382277e-01 0.00000000e+00 0.00000000e+00 0.00000000e+00 1.00000000e+00 0.00000000e+00 0.00000000e+00 0.00000000e+00 1.00000000e+00
3.10085419e+00 1 0 562958543486978 9.43382277e-01 0.00000000e+00 0.00000000e+00 0.00000000e+00 1.00000000e+00 0.00000000e+00 0.00000000e+00 0.00000000e+00 1.00000000e+00
3.10085419e+00 1 0 562958543486979 9.43382277e-01 0.00000000e+00 0.00000000e+00 0.00000000e+00 1.00000000e+00 0.00000000e+00 0.00000000e+00 0.00000000e+00 1.00000000e+00
3.23565663e+00 1 0 562958543486976 9.43382277e-01 0.00000000e+00 0.00000000e+00 0.00000000e+00 1.00000000e+00 0.00000000e+00 0.00000000e+00 0.00000000e+00 1.00000000e+00
3.23565663e+00 1 0 562958543486977 9.43382277e-01 0.00000000e+00 0.00000000e+00 0.00000000e+00 1.00000000e+00 0.00000000e+00 0.00000000e+00 0.00000000e+00 1.00000000e+00
3.23565663e+00 1 0 562958543486978 9.43382277e-01 0.00000000e+00 0.00000000e+00 0.00000000e+00 1.00000000e+00 0.00000000e+00 0.00000000e+00 0.00000000e+00 1.00000000e+00
3.23565663e+00 1 0 562958543486979 9.43382277e-01 0.00000000e+00 0.00000000e+00 0.00000000e+00 1.00000000e+00 0.00000000e+00 0.00000000e+00 0.00000000e+00 1.00000000e+00
3.37045906e+00 1 0 562958543486976 9.43382277e-01 0.00000000e+00 0.00000000e+00 0.00000000e+00 1.00000000e+00 0.00000000e+00 0.00000000e+00 0.00000000e+00 1.00000000e+00
3.37045906e+00 1 0 562958543486977 9.43382277e-01 0.00000000e+00 0.00000000e+00 0.00000000e+00 1.00000000e+00 0.00000000e+00 0.00000000e+00 0.00000000e+00 1.00000000e+00
3.37045906e+00 1 0 562958543486978 9.43382277e-01 0.00000000e+00 0.00000000e+00 0.00000000e+00 1.00000000e+00 0.00000000e+00 0.00000000e+00 0.00000000e+00 1.00000000e+00
3.37045906e+00 1 0 562958543486979 9.43382277e-01 0.00000000e+00 0.00000000e+00 0.00000000e+00 1.00000000e+00 0.00000000e+00 0.00000000e+00 0.00000000e+00 1.00000000e+00
3.50526150e+00 1 0 562958543486976 9.43382277e-01 0.00000000e+00 0.00000000e+00 0.00000000e+00 1.00000000e+00 0.00000000e+00 0.00000000e+00 0.00000000e+00 1.00000000e+00
3.50526150e+00 1 0 562958543486977 9.43382277e-01 0.00000000e+00 0.00000000e+00 0.00000000e+00 1.00000000e+00 0.00000000e+00 0.00000000e+00 0.00000000e+00 1.00000000e+00
3.50526150e+00 1 0 562958543486978 9.43382277e-01 0.00000000e+00 0.00000000e+00 0.00000000e+00 1.00000000e+00 0.00000000e+00 0.00000000e+00 0.00000000e+00 1.00000000e+00
3.50526150e+00 1 0 562958543486979 9.43382277e-01 0.00000000e+00 0.00000000e+00 0.00000000e+00 1.00000000e+00 0.00000000e+00 0.00000000e+00 0.00000000e+00 1.00000000e+00
