1.30930734e-01 1 0 562958543486976 0.00000000e+00
1.30930734e-01 1 0 562958543486977 0.00000000e+00
1.30930734e-01 1 0 562958543486978 0.00000000e+00
1.30930734e-01 1 0 562958543486979 0.00000000e+00
2.61861468e-01 1 0 562958543486976 0.00000000e+00
2.61861468e-01 1 0 562958543486977 0.00000000e+00
2.61861468e-01 1 0 562958543486978 0.00000000e+00
2.61861468e-01 1 0 562958543486979 0.00000000e+00
3.92792202e-01 1 0 562958543486976 0.00000000e+00
3.92792202e-01 1 0 562958543486977 0.00000000e+00
3.92792202e-01 1 0 562958543486978 0.00000000e+00
3.92792202e-01 1 0 562958543486979 0.00000000e+00
5.23722937e-01 1 0 562958543486976 0.00000000e+00
5.23722937e-01 1 0 562958543486977 0.00000000e+00
5.23722937e-01 1 0 562958543486978 0.00000000e+00
5.23722937e-01 1 0 562958543486979 0.00000000e+00
6.54653671e-01 1 0 562958543486976 0.00000000e+00
6.54653671e-01 1 0 562958543486977 0.00000000e+00
6.54653671e-01 1 0 562958543486978 0.00000000e+00
6.54653671e-01 1 0 562958543486979 0.00000000e+00
7.85584405e-01 1 0 562958543486976 0.00000000e+00
7.85584405e-01 1 0 562958543486977 0.00000000e+00
7.85584405e-01 1 0 562958543486978 0.00000000e+00
7.85584405e-01 1 0 562958543486979 0.00000000e+00
9.16515139e-01 1 0 562958543486976 0.00000000e+00
9.16515139e-01 1 0 562958543486977 0.00000000e+00
9.16515139e-01 1 0 562958543486978 0.00000000e+00
9.16515139e-01 1 0 562958543486979 0.00000000e+00
1.04744587e+00 1 0 562958543486976 0.00000000e+00
1.04744587e+00 1 0 562958543486977 0.00000000e+00
1.04744587e+00 1 0 562958543486978 0.00000000e+00
1.04744587e+00 1 0 562958543486979 0.00000000e+00
1.17837661e+00 1 0 562958543486976 0.00000000e+00
1.17837661e+00 1 0 562958543486977 0.00000000e+00
1.17837661e+00 1 0 562958543486978 0.00000000e+00
1.17837661e+00 1 0 562958543486979 0.00000000e+00
1.30139289e+00 1 0 562958543486976 0.00000000e+00
1.30139289e+00 1 0 562958543486977 0.00000000e+00
1.30139289e+00 1 0 562958543486978 0.00000000e+00
1.30139289e+00 1 0 562958543486979 0.00000000e+00
1.41816299e+00 1 0 562958543486976 0.00000000e+00
1.41816299e+00 1 0 562958543486977 0.00000000e+00
1.41816299e+00 1 0 562958543486978 0.00000000e+00
1.41816299e+00 1 0 562958543486979 0.00000000e+00
1.52981643e+00 1 0 562958543486976 0.00000000e+00
1.52981643e+00 1 0 562958543486977 0.00000000e+00
1.52981643e+00 1 0 562958543486978 0.00000000e+00
1.52981643e+00 1 0 562958543486979 0.00000000e+00
1.63716408e+00 1 0 562958543486976 5.40253284e-02
1.63716408e+00 1 0 562958543486977 5.40253284e-02
1.63716408e+00 1 0 562958543486978 5.40253284e-02
1.63716408e+00 1 0 562958543486979 5.40253284e-02
1.74081356e+00 1 0 562958543486976 1.06136212e-01
1.74081356e+00 1 0 562958543486977 1.06136212e-01
1.74081356e+00 1 0 562958543486978 1.06136212e-01
1.74081356e+00 1 0 562958543486979 1.06136212e-01
1.84123541e+00 1 0 562958543486976 1.56581662e-01
1.84123541e+00 1 0 562958543486977 1.56581662e-01
1.84123541e+00 1 0 562958543486978 1.56581662e-01
1.84123541e+00 1 0 562958543486979 1.56581662e-01
1.93880362e+00 1 0 562958543486976 2.05558699e-01
1.93880362e+00 1 0 562958543486977 2.05558699e-01
1.93880362e+00 1 0 562958543486978 2.05558699e-01
1.93880362e+00 1 0 562958543486979 2.05558699e-01
2.03382182e+00 1 0 562958543486976 2.53226644e-01
2.03382182e+00 1 0 562958543486977 2.53226644e-01
2.03382182e+00 1 0 562958543486978 2.53226644e-01
2.03382182e+00 1 0 562958543486979 2.53226644e-01
2.12654082e+00 1 0 562958543486976 2.99135758e-01
2.12654082e+00 1 0 562958543486977 2.99135758e-01
2.12654082e+00 1 0 562958543486978 2.99135758e-01
2.12654082e+00 1 0 562958543486979 2.99135758e-01
2.22147112e+00 1 0 562958543486976 3.46109942e-01
2.22147112e+00 1 0 562958543486977 3.46109942e-01
2.22147112e+00 1 0 562958543486978 3.46109942e-01
2.22147112e+00 1 0 562958543486979 3.46109942e-01
2.31883616e+00 1 0 562958543486976 3.94253242e-01
2.31883616e+00 1 0 562958543486977 3.94253242e-01
2.31883616e+00 1 0 562958543486978 3.94253242e-01
2.31883616e+00 1 0 562958543486979 3.94253242e-01
2.41890170e+00 1 0 562958543486976 4.43688575e-01
2.41890170e+00 1 0 562958543486977 4.43688575e-01
2.41890170e+00 1 0 562958543486978 4.43688575e-01
2.41890170e+00 1 0 562958543486979 4.43688575e-01
2.52198812e+00 1 0 562958543486976 4.94562951e-01
2.52198812e+00 1 0 562958543486977 4.94562951e-01
2.52198812e+00 1 0 562958543486978 4.94562951e-01
2.52198812e+00 1 0 562958543486979 4.94562951e-01
2.62848793e+00 1 0 562958543486976 4.94562951e-01
2.62848793e+00 1 0 562958543486977 4.94562951e-01
2.62848793e+00 1 0 562958543486978 4.94562951e-01
2.62848793e+00 1 0 562958543486979 4.94562951e-01
2.73889103e+00 1 0 562958543486976 4.94562951e-01
2.73889103e+00 1 0 562958543486977 4.94562951e-01
2.73889103e+00 1 0 562958543486978 4.94562951e-01
2.73889103e+00 1 0 562958543486979 4.94562951e-01
2.85382304e+00 1 0 562958543486976 4.94562951e-01
2.85382304e+00 1 0 562958543486977 4.94562951e-01
2.85382304e+00 1 0 562958543486978 4.94562951e-01
2.85382304e+00 1 0 562958543486979 4.94562951e-01
2.97410529e+00 1 0 562958543486976 4.94562951e-01
2.97410529e+00 1 0 562958543486977 4.94562951e-01
2.97410529e+00 1 0 562958543486978 4.94562951e-01
2.97410529e+00 1 0 562958543486979 4.94562951e-01
3.10085419e+00 1 0 562958543486976 4.94562951e-01
3.10085419e+00 1 0 562958543486977 4.94562951e-01
3.10085419e+00 1 0 562958543486978 4.94562951e-01
3.10085419e+00 1 0 562958543486979 4.94562951e-01
3.23565663e+00 1 0 562958543486976 4.94562951e-01
3.23565663e+00 1 0 562958543486977 4.94562951e-01
3.23565663e+00 1 0 562958543486978 4.94562951e-01
3.23565663e+00 1 0 562958543486979 4.94562951e-01
3.37045906e+00 1 0 562958543486976 4.94562951e-01
3.37045906e+00 1 0 562958543486977 4.94562951e-01
3.37045906e+00 1 0 562958543486978 4.94562951e-01
3.37045906e+00 1 0 562958543486979 4.94562951e-01
3.50526150e+00 1 0 562958543486976 4.94562951e-01
3.50526150e+00 1 0 562958543486977 4.94562951e-01
3.50526150e+00 1 0 562958543486978 4.94562951e-01
3.50526150e+00 1 0 562958543486979 4.94562951e-01
