0       1	    0	0	0	1	0	0	0	1	0	0	0	1
1       1	    0	0	0	1	0	0	0	1	0	0	0	1
1.25    1.25    0   0	0	1	0	0	0	1	0	0	0	1
1.5     1.5     0   0	0	1	0	0	0	1	0	0	0	1
1.75    1.75    0   0	0	1	0	0	0	1	0	0	0	1
2       2       0	0	0	1	0	0	0	1	0	0	0	1
2.25    1.75    0   0	0	1	0	0	0	1	0	0	0	1
2.5     1.5     0   0	0	1	0	0	0	1	0	0	0	1
2.75    1.25    0   0	0	1	0	0	0	1	0	0	0	1
3       1       0	0	0	1	0	0	0	1	0	0	0	1
4       1       0	0	0	1	0	0	0	1	0	0	0	1
5       1       0	0	0	1	0	0	0	1	0	0	0	1
6       1       0	0	0	1	0	0	0	1	0	0	0	1
7       1       0	0	0	1	0	0	0	1	0	0	0	1
8       1       0	0	0	1	0	0	0	1	0	0	0	1
9       1       0	0	0	1	0	0	0	1	0	0	0	1
10      1       0	0	0	1	0	0	0	1	0	0	0	1